
%% cas-test 4b

A = 1;
B = 0;
L = [0.2 0.2 0.2 0.3 0.3 0.5 0.2 0.2 0.3 0.1]'; % longeur des barres fixées

xy = [0.1  0.2  0.3  0.4  0.5  0.6  0.7  0.8  0.9  ...
     -0.5 -0.9 -1.2 -1.4 -1.5 -1.4 -1.2 -0.9 -0.5]'; 

R = -0.25;
S = -0.5;
